地区,2024年,2023年,2022年,2021年,2020年,2019年,2018年,2017年,2016年
北京市,49843.1,47353.7,45222.4,44350.7,38503.6,37767,35161.4,31325.9,28438.7
天津市,18024.3,17211.8,16588.5,16093.2,14230.8,14097.2,13411.1,12468.2,11487
河北省,47526.9,45660,43198.3,41205.4,36821.5,35623.5,32947,31065.5,28879.7
山西省,25494.7,26050.8,25653.2,23087.8,18202.7,17311,16153.1,14679.1,12160.1
内蒙古自治区,26314.6,25020.5,23795.7,21584.8,17623.4,17479.4,16252.9,15009.9,13879
辽宁省,32612.7,31389.8,29739.7,28471,25839,25665.9,24113.5,22105.4,20832
吉林省,14361.2,13942.7,13121.4,13431.1,12499.5,11949.4,11437.4,11083,10603.5
黑龙江省,16476.9,16470.7,16359.2,15292.8,14000.1,13962.5,13205.7,12659.5,12280.9
上海市,53926.7,51404.5,48594.5,47059.4,41603.9,40241.2,37769.1,34378.3,30963.9
江苏省,137008,130924.3,124564.2,119853.2,104566.6,99836.9,93456.3,86512.9,78261.2
浙江省,90130.6,85619.6,80770,76765.3,67164.5,64632,59311.7,53135.2,48095.8
安徽省,50625.2,48227.5,45525.1,43102.8,38628.8,37584.8,34377.3,30141.8,26801.2
福建省,57761,54801.7,52099.6,49602.6,43682,42479.1,39204.8,34432.2,30199.2
江西省,34202.5,32677.1,31568.1,29838.2,25825.4,24724,23016.9,20497.6,18761.2
山东省,98565.8,94206.4,89519.4,84838,74355.9,72024.3,67864.4,63958.6,59702.6
河南省,63590,60627.7,58807.4,57806.9,54160.6,53739.3,50273.5,44586.5,40167.7
湖北省,60013,56794.3,53445.4,50093.3,43017.6,45557,42425.5,37624.2,33767.6
湖南省,53231,50667.5,47957.9,45751.9,41693.7,39930.7,36629.3,34127.7,31225
广东省,141633.8,137905.4,132547.1,127577.4,113708.9,110468.1,101875.9,93004.8,83493.4
广西壮族自治区,28649.4,27501.7,26419.7,25311.5,22250.7,21341.5,19951.7,18071.7,16417.2
海南省,7935.7,7590.2,6912.8,6508.9,5640.8,5442.1,5004.2,4552.9,4151
重庆市,32193.2,30614.3,28771.8,28092.5,25158.1,23689.6,21866.8,20260.8,18271.1
四川省,64697,61353.4,57609.4,55131.3,49445.1,47168.6,43539,38517.1,33879.2
贵州省,22667.1,21513.7,20579.5,19921.3,18308.3,17251.8,15886.6,14067.3,12133.9
云南省,31534.1,30595.8,29301.1,27895.3,25214.5,23902.1,21427.5,18864.6,16773.6
西藏自治区,2764.9,2532.9,2235.4,2145.1,1956.5,1750.3,1583.5,1381,1197.4
陕西省,35538.8,33976.5,33035.6,30476.6,26297,26214.5,24354.8,21776.1,19354.6
甘肃省,13002.9,12345.7,11553.6,10608,9323.1,9053.3,8364.7,7642.6,7207.1
青海省,3950.8,3849.2,3677.4,3446.3,3080.6,3020.2,2799.9,2517,2310.7
宁夏回族自治区,5502.8,5368.8,5168.1,4666.5,4036.2,3841.5,3580.6,3271.6,2853.3
新疆维吾尔自治区,20534.1,19603.3,18550.5,16791.5,14262.2,14024.9,13110.1,11460.8,9913.9
注：按照我国国民经济核算数据修订制度和国际通行做法，在第五次全国经济普查后，对1992年-2023年地区生产总值历史数据进行了系统修订。,,,,,,,,,
数据来源：国家统计局,,,,,,,,,
